0.000000000000000000e+00 5.710270225874747752e+00
2.020202020202020166e-01 5.717443616926003891e+00
4.040404040404040331e-01 5.724796160430101644e+00
6.060606060606060774e-01 5.732327980944402768e+00
8.080808080808080662e-01 5.740038878195099059e+00
1.010101010101010166e+00 5.747928309882365028e+00
1.212121212121212155e+00 5.755995375003543302e+00
1.414141414141414144e+00 5.764238797857892393e+00
1.616161616161616132e+00 5.772656912906489524e+00
1.818181818181818121e+00 5.781247650670228388e+00
2.020202020202020332e+00 5.790008524856953720e+00
2.222222222222222321e+00 5.798936620915291051e+00
2.424242424242424310e+00 5.808028586217628408e+00
2.626262626262626299e+00 5.817280622077303676e+00
2.828282828282828287e+00 5.826688477805340050e+00
3.030303030303030276e+00 5.836247447009626832e+00
3.232323232323232265e+00 5.845952366333808214e+00
3.434343434343434254e+00 5.855797616824398588e+00
3.636363636363636243e+00 5.865777128102110716e+00
3.838383838383838231e+00 5.875884385497180062e+00
4.040404040404040664e+00 5.886112440288251868e+00
4.242424242424242209e+00 5.896453923160234645e+00
4.444444444444444642e+00 5.906901060968125172e+00
4.646464646464646187e+00 5.917445696861655335e+00
4.848484848484848619e+00 5.928079313789506699e+00
5.050505050505050164e+00 5.938793061362211745e+00
5.252525252525252597e+00 5.949577786010290303e+00
5.454545454545454142e+00 5.960424064328743832e+00
5.656565656565656575e+00 5.971322239451906988e+00
5.858585858585858119e+00 5.982262460254132108e+00
6.060606060606060552e+00 5.993234723123125995e+00
6.262626262626262097e+00 6.004228916004501038e+00
6.464646464646464530e+00 6.015234864369729983e+00
6.666666666666666963e+00 6.026242378715974013e+00
6.868686868686868507e+00 6.037241303166396733e+00
7.070707070707070940e+00 6.048221564704836517e+00
7.272727272727272485e+00 6.059173222549932625e+00
7.474747474747474918e+00 6.070086517152222250e+00
7.676767676767676463e+00 6.080951918284057456e+00
7.878787878787878896e+00 6.091760171687368164e+00
8.080808080808081328e+00 6.102502343748690272e+00
8.282828282828281985e+00 6.113169863685015137e+00
8.484848484848484418e+00 6.123754562747896202e+00
8.686868686868686851e+00 6.134248709986801273e+00
8.888888888888889284e+00 6.144645044155486069e+00
9.090909090909089940e+00 6.154936801396503121e+00
9.292929292929292373e+00 6.165117738397989378e+00
9.494949494949494806e+00 6.175182150782332791e+00
9.696969696969697239e+00 6.185124886556906176e+00
9.898989898989899672e+00 6.194941354531236399e+00
1.010101010101010033e+01 6.204627527681033428e+00
1.030303030303030276e+01 6.214179941515747707e+00
1.050505050505050519e+01 6.223595687581033431e+00
1.070707070707070763e+01 6.232872402298887948e+00
1.090909090909090828e+01 6.242008251414800313e+00
1.111111111111111072e+01 6.251001910381418725e+00
1.131313131313131315e+01 6.259852541060887177e+00
1.151515151515151558e+01 6.268559765171964671e+00
1.171717171717171624e+01 6.277123634942595842e+00
1.191919191919191867e+01 6.285544601453330493e+00
1.212121212121212110e+01 6.293823481171499701e+00
1.232323232323232354e+01 6.301961421180690692e+00
1.252525252525252419e+01 6.309959863604859720e+00
1.272727272727272663e+01 6.317820509712205101e+00
1.292929292929292906e+01 6.325545284161440129e+00
1.313131313131313149e+01 6.333136299823171278e+00
1.333333333333333393e+01 6.340595823573097256e+00
1.353535353535353458e+01 6.347926243412613800e+00
1.373737373737373701e+01 6.355130037227611162e+00
1.393939393939393945e+01 6.362209743448889121e+00
1.414141414141414188e+01 6.369167933829021244e+00
1.434343434343434254e+01 6.376007188501743528e+00
1.454545454545454497e+01 6.382730073442152374e+00
1.474747474747474740e+01 6.389339120400094885e+00
1.494949494949494984e+01 6.395836809335887274e+00
1.515151515151515049e+01 6.402225553347680176e+00
1.535353535353535293e+01 6.408507686043762419e+00
1.555555555555555536e+01 6.414685451281354034e+00
1.575757575757575779e+01 6.420760995166194363e+00
1.595959595959595845e+01 6.426736360184428953e+00
1.616161616161616266e+01 6.432613481320235138e+00
1.636363636363636331e+01 6.438394183998701337e+00
1.656565656565656397e+01 6.444080183684002705e+00
1.676767676767676818e+01 6.449673086957129264e+00
1.696969696969696884e+01 6.455174393895363849e+00
1.717171717171717304e+01 6.460585501576649570e+00
1.737373737373737370e+01 6.465907708535887366e+00
1.757575757575757436e+01 6.471142220006336210e+00
1.777777777777777857e+01 6.476290153787389592e+00
1.797979797979797922e+01 6.481352546589729258e+00
1.818181818181817988e+01 6.486330360719675170e+00
1.838383838383838409e+01 6.491224490976263084e+00
1.858585858585858475e+01 6.496035771646749168e+00
1.878787878787878896e+01 6.500764983498646288e+00
1.898989898989898961e+01 6.505412860678863929e+00
1.919191919191919027e+01 6.509980097442569225e+00
1.939393939393939448e+01 6.514467354646207298e+00
1.959595959595959513e+01 6.518875265950302200e+00
1.979797979797979934e+01 6.523204443688120691e+00
2.000000000000000000e+01 6.527455484366129213e+00
