CI.BRE. 33.807760 -117.981160 24
CI.CHN. 33.998790 -117.680440 208
CI.DEC. 34.253530 -118.333830 519
CI.DJJ. 34.106180 -118.455050 268
CI.DLA. 33.848220 -118.096240 14
CI.FMP. 33.712640 -118.293810 89
CI.HLL. 34.176430 -118.359670 193
CI.LAF. 33.868890 -118.331430 20
CI.LCG. 34.000330 -118.377940 108
CI.LGB. 33.975300 -118.149180 42
CI.LLS. 33.684470 -117.943040 8
CI.LTP. 33.881100 -118.175680 20
CI.MWC. 34.223620 -118.058320 1725
CI.OLI. 33.945390 -117.923720 162
CI.PASC.00 34.171410 -118.185230 341
CI.PDR. 33.962730 -118.437020 45
CI.PLS. 33.795300 -117.609060 1199
CI.PSR. 34.091810 -117.807090 305
CI.RIN. 34.281960 -118.479250 304
CI.RIO. 34.104730 -117.979560 118
CI.RPV. 33.743460 -118.404120 107
CI.RUS. 34.050750 -118.080780 70
CI.SDD. 33.552590 -117.661710 120
CI.SPF. 34.059330 -118.646140 470
CI.SRN. 33.828540 -117.789380 208
CI.STG. 33.664000 -117.768560 49
CI.STS. 33.790330 -118.198780 4
CI.USC. 34.019190 -118.286310 58
CI.WLT. 34.009480 -117.950770 107
CI.WSS. 34.171700 -118.649710 316
